915
1111
1131
1217
811
2653
234
2855
2713
888
2125
297
2802
1609
1511
2226
2206
2873
1178
2066
1865
2382
1679
3000
1749
1084
1025
1913
2315
1309
1687
2560
2640
312
2428
2333
2217
578
584
1361
177
2085
2481
654
1645
129
2412
1065
2258
974
1442
858
1750
432
842
2238
1718
2565
2399
1987
2469
2464
664
2835
2130
1280
2776
1243
2931
190
169
379
1668
397
1954
2834
1682
2384
1761
830
1612
17
137
2236
1327
395
2497
1401
2948
270
1504
2456
1766
2654
2433
1936
1097
1139
826
2391
1373
720
445
2525
941
1800
1939
1815
707
2370
1223
2492
978
2719
1348
2769
744
2803
274
2990
2773
1075
2134
2835
859
963
1976
2458
446
1801
1260
1483
1614
1332
1127
521
744
2177
2935
232
2795
464
2674
2246
655
2030
1284
868
2252
333
1208
1321
2275
2502
775
1169
2893
738
2680
2853
708
2729
110
2350
1574
2693
2377
2591
1854
2489
736
2920
817
2965
207
56
2488
170
1770
957
1782
44
2106
2098
1466
2121
2757
248
1640
2097
1051
2047
2699
1120
2634
499
132
1797
1636
177
2446
853
958
2873
1357
2390
2302
2500
2102
1040
2451
734
2850
1761
2200
973
133
2131
1598
1334
1420
2677
2943
920
2332
2100
885
1264
2631
1003
1800
1339
1179
278
1130
825
1700
1650
1455
249
1927
1884
2751
1165
350
2649
274
703
817
2676
2159
2489
1320
1110
1610
1806
1250
2039
2063
226
2490
1969
2689
124
2508
2541
1994
918
1768
1557
2612
2999
700
295
2662
2418
1623
2202
786
617
334
2474
1535
735
1192
161
1664
915
629
2967
1778
2448
53
1781
2898
1028
2933
2144
1506
1773
